StartTime,DataProvider,SettlementDate,SettlementPeriod,Price,Volume
2021-12-18T23:30:00Z,APXMIDP,2021-12-18,48,309.90,697.700
2021-12-18T23:30:00Z,N2EXMIDP,2021-12-18,48,0.00,0.000
2021-12-18T23:00:00Z,APXMIDP,2021-12-18,47,348.38,438.500
2021-12-18T23:00:00Z,N2EXMIDP,2021-12-18,47,0.00,0.000
2021-12-18T22:30:00Z,APXMIDP,2021-12-18,46,290.33,1186.900
2021-12-18T22:30:00Z,N2EXMIDP,2021-12-18,46,0.00,0.000
2021-12-18T22:00:00Z,APXMIDP,2021-12-18,45,305.68,1039.750
2021-12-18T22:00:00Z,N2EXMIDP,2021-12-18,45,0.00,0.000
2021-12-18T21:30:00Z,APXMIDP,2021-12-18,44,315.26,1259.250
2021-12-18T21:30:00Z,N2EXMIDP,2021-12-18,44,0.00,0.000
2021-12-18T21:00:00Z,APXMIDP,2021-12-18,43,327.82,1179.150
2021-12-18T21:00:00Z,N2EXMIDP,2021-12-18,43,0.00,0.000
2021-12-18T20:30:00Z,APXMIDP,2021-12-18,42,279.06,993.500
2021-12-18T20:30:00Z,N2EXMIDP,2021-12-18,42,0.00,0.000
2021-12-18T20:00:00Z,APXMIDP,2021-12-18,41,280.02,877.400
2021-12-18T20:00:00Z,N2EXMIDP,2021-12-18,41,0.00,0.000
2021-12-18T19:30:00Z,APXMIDP,2021-12-18,40,309.50,801.250
2021-12-18T19:30:00Z,N2EXMIDP,2021-12-18,40,0.00,0.000
2021-12-18T19:00:00Z,APXMIDP,2021-12-18,39,316.36,1137.350
2021-12-18T19:00:00Z,N2EXMIDP,2021-12-18,39,0.00,0.000
2021-12-18T18:30:00Z,APXMIDP,2021-12-18,38,315.74,967.250
2021-12-18T18:30:00Z,N2EXMIDP,2021-12-18,38,0.00,0.000
2021-12-18T18:00:00Z,APXMIDP,2021-12-18,37,324.46,945.350
2021-12-18T18:00:00Z,N2EXMIDP,2021-12-18,37,0.00,0.000
2021-12-18T17:30:00Z,APXMIDP,2021-12-18,36,311.88,725.950
2021-12-18T17:30:00Z,N2EXMIDP,2021-12-18,36,0.00,0.000
2021-12-18T17:00:00Z,APXMIDP,2021-12-18,35,335.85,679.150
2021-12-18T17:00:00Z,N2EXMIDP,2021-12-18,35,0.00,0.000
2021-12-18T16:30:00Z,APXMIDP,2021-12-18,34,334.92,982.600
2021-12-18T16:30:00Z,N2EXMIDP,2021-12-18,34,0.00,0.000
2021-12-18T16:00:00Z,APXMIDP,2021-12-18,33,326.97,877.650
2021-12-18T16:00:00Z,N2EXMIDP,2021-12-18,33,0.00,0.000
2021-12-18T15:30:00Z,APXMIDP,2021-12-18,32,304.66,820.150
2021-12-18T15:30:00Z,N2EXMIDP,2021-12-18,32,0.00,0.000
2021-12-18T15:00:00Z,APXMIDP,2021-12-18,31,286.11,704.350
2021-12-18T15:00:00Z,N2EXMIDP,2021-12-18,31,0.00,0.000
2021-12-18T14:30:00Z,APXMIDP,2021-12-18,30,281.85,896.900
2021-12-18T14:30:00Z,N2EXMIDP,2021-12-18,30,0.00,0.000
2021-12-18T14:00:00Z,APXMIDP,2021-12-18,29,284.34,912.500
2021-12-18T14:00:00Z,N2EXMIDP,2021-12-18,29,0.00,0.000
2021-12-18T13:30:00Z,APXMIDP,2021-12-18,28,267.80,737.300
2021-12-18T13:30:00Z,N2EXMIDP,2021-12-18,28,0.00,0.000
2021-12-18T13:00:00Z,APXMIDP,2021-12-18,27,290.41,957.750
2021-12-18T13:00:00Z,N2EXMIDP,2021-12-18,27,0.00,0.000
2021-12-18T12:30:00Z,APXMIDP,2021-12-18,26,311.54,889.350
2021-12-18T12:30:00Z,N2EXMIDP,2021-12-18,26,0.00,0.000
2021-12-18T12:00:00Z,APXMIDP,2021-12-18,25,297.88,1039.750
2021-12-18T12:00:00Z,N2EXMIDP,2021-12-18,25,0.00,0.000
2021-12-18T11:30:00Z,APXMIDP,2021-12-18,24,261.78,1076.950
2021-12-18T11:30:00Z,N2EXMIDP,2021-12-18,24,0.00,0.000
2021-12-18T11:00:00Z,APXMIDP,2021-12-18,23,269.22,939.150
2021-12-18T11:00:00Z,N2EXMIDP,2021-12-18,23,0.00,0.000
2021-12-18T10:30:00Z,APXMIDP,2021-12-18,22,339.90,1037.700
2021-12-18T10:30:00Z,N2EXMIDP,2021-12-18,22,0.00,0.000
2021-12-18T10:00:00Z,APXMIDP,2021-12-18,21,328.28,852.650
2021-12-18T10:00:00Z,N2EXMIDP,2021-12-18,21,0.00,0.000
2021-12-18T09:30:00Z,APXMIDP,2021-12-18,20,311.73,953.500
2021-12-18T09:30:00Z,N2EXMIDP,2021-12-18,20,0.00,0.000
2021-12-18T09:00:00Z,APXMIDP,2021-12-18,19,287.56,829.300
2021-12-18T09:00:00Z,N2EXMIDP,2021-12-18,19,0.00,0.000
2021-12-18T08:30:00Z,APXMIDP,2021-12-18,18,321.15,1067.700
2021-12-18T08:30:00Z,N2EXMIDP,2021-12-18,18,0.00,0.000
2021-12-18T08:00:00Z,APXMIDP,2021-12-18,17,290.37,1152.450
2021-12-18T08:00:00Z,N2EXMIDP,2021-12-18,17,0.00,0.000
2021-12-18T07:30:00Z,APXMIDP,2021-12-18,16,295.26,796.150
2021-12-18T07:30:00Z,N2EXMIDP,2021-12-18,16,0.00,0.000
2021-12-18T07:00:00Z,APXMIDP,2021-12-18,15,295.58,598.750
2021-12-18T07:00:00Z,N2EXMIDP,2021-12-18,15,0.00,0.000
2021-12-18T06:30:00Z,APXMIDP,2021-12-18,14,280.48,992.200
2021-12-18T06:30:00Z,N2EXMIDP,2021-12-18,14,0.00,0.000
2021-12-18T06:00:00Z,APXMIDP,2021-12-18,13,289.29,802.250
2021-12-18T06:00:00Z,N2EXMIDP,2021-12-18,13,0.00,0.000
2021-12-18T05:30:00Z,APXMIDP,2021-12-18,12,276.58,412.950
2021-12-18T05:30:00Z,N2EXMIDP,2021-12-18,12,0.00,0.000
2021-12-18T05:00:00Z,APXMIDP,2021-12-18,11,264.86,362.750
2021-12-18T05:00:00Z,N2EXMIDP,2021-12-18,11,0.00,0.000
2021-12-18T04:30:00Z,APXMIDP,2021-12-18,10,247.82,690.600
2021-12-18T04:30:00Z,N2EXMIDP,2021-12-18,10,0.00,0.000
2021-12-18T04:00:00Z,APXMIDP,2021-12-18,9,252.30,604.250
2021-12-18T04:00:00Z,N2EXMIDP,2021-12-18,9,0.00,0.000
2021-12-18T03:30:00Z,APXMIDP,2021-12-18,8,242.31,487.000
2021-12-18T03:30:00Z,N2EXMIDP,2021-12-18,8,0.00,0.000
2021-12-18T03:00:00Z,APXMIDP,2021-12-18,7,237.49,608.250
2021-12-18T03:00:00Z,N2EXMIDP,2021-12-18,7,0.00,0.000
2021-12-18T02:30:00Z,APXMIDP,2021-12-18,6,258.64,296.400
2021-12-18T02:30:00Z,N2EXMIDP,2021-12-18,6,0.00,0.000
2021-12-18T02:00:00Z,APXMIDP,2021-12-18,5,277.20,278.400
2021-12-18T02:00:00Z,N2EXMIDP,2021-12-18,5,0.00,0.000
2021-12-18T01:30:00Z,APXMIDP,2021-12-18,4,281.66,393.450
2021-12-18T01:30:00Z,N2EXMIDP,2021-12-18,4,0.00,0.000
2021-12-18T01:00:00Z,APXMIDP,2021-12-18,3,302.85,484.500
2021-12-18T01:00:00Z,N2EXMIDP,2021-12-18,3,0.00,0.000
2021-12-18T00:30:00Z,APXMIDP,2021-12-18,2,281.43,365.150
2021-12-18T00:30:00Z,N2EXMIDP,2021-12-18,2,0.00,0.000
2021-12-18T00:00:00Z,APXMIDP,2021-12-18,1,277.02,406.200
2021-12-18T00:00:00Z,N2EXMIDP,2021-12-18,1,0.00,0.000
2021-12-17T23:30:00Z,APXMIDP,2021-12-17,48,254.44,411.950
2021-12-17T23:30:00Z,N2EXMIDP,2021-12-17,48,0.00,0.000
2021-12-17T23:00:00Z,APXMIDP,2021-12-17,47,250.09,669.700
2021-12-17T23:00:00Z,N2EXMIDP,2021-12-17,47,0.00,0.000
2021-12-17T22:30:00Z,APXMIDP,2021-12-17,46,289.60,1649.250
2021-12-17T22:30:00Z,N2EXMIDP,2021-12-17,46,0.00,0.000
2021-12-17T22:00:00Z,APXMIDP,2021-12-17,45,283.32,1616.150
2021-12-17T22:00:00Z,N2EXMIDP,2021-12-17,45,0.00,0.000
2021-12-17T21:30:00Z,APXMIDP,2021-12-17,44,260.46,1344.850
2021-12-17T21:30:00Z,N2EXMIDP,2021-12-17,44,0.00,0.000
2021-12-17T21:00:00Z,APXMIDP,2021-12-17,43,267.99,1288.250
2021-12-17T21:00:00Z,N2EXMIDP,2021-12-17,43,0.00,0.000
2021-12-17T20:30:00Z,APXMIDP,2021-12-17,42,269.30,1134.300
2021-12-17T20:30:00Z,N2EXMIDP,2021-12-17,42,0.00,0.000
2021-12-17T20:00:00Z,APXMIDP,2021-12-17,41,288.76,1132.200
2021-12-17T20:00:00Z,N2EXMIDP,2021-12-17,41,0.00,0.000
2021-12-17T19:30:00Z,APXMIDP,2021-12-17,40,285.70,1410.150
2021-12-17T19:30:00Z,N2EXMIDP,2021-12-17,40,0.00,0.000
2021-12-17T19:00:00Z,APXMIDP,2021-12-17,39,305.26,1625.700
2021-12-17T19:00:00Z,N2EXMIDP,2021-12-17,39,0.00,0.000
2021-12-17T18:30:00Z,APXMIDP,2021-12-17,38,337.95,1582.750
2021-12-17T18:30:00Z,N2EXMIDP,2021-12-17,38,0.00,0.000
2021-12-17T18:00:00Z,APXMIDP,2021-12-17,37,368.85,1565.950
2021-12-17T18:00:00Z,N2EXMIDP,2021-12-17,37,0.00,0.000
2021-12-17T17:30:00Z,APXMIDP,2021-12-17,36,359.12,1233.350
2021-12-17T17:30:00Z,N2EXMIDP,2021-12-17,36,0.00,0.000
2021-12-17T17:00:00Z,APXMIDP,2021-12-17,35,366.52,1442.850
2021-12-17T17:00:00Z,N2EXMIDP,2021-12-17,35,0.00,0.000
2021-12-17T16:30:00Z,APXMIDP,2021-12-17,34,379.02,1554.250
2021-12-17T16:30:00Z,N2EXMIDP,2021-12-17,34,0.00,0.000
2021-12-17T16:00:00Z,APXMIDP,2021-12-17,33,340.69,1714.150
2021-12-17T16:00:00Z,N2EXMIDP,2021-12-17,33,0.00,0.000
2021-12-17T15:30:00Z,APXMIDP,2021-12-17,32,377.60,1600.350
2021-12-17T15:30:00Z,N2EXMIDP,2021-12-17,32,0.00,0.000
2021-12-17T15:00:00Z,APXMIDP,2021-12-17,31,356.76,1629.100
2021-12-17T15:00:00Z,N2EXMIDP,2021-12-17,31,0.00,0.000
2021-12-17T14:30:00Z,APXMIDP,2021-12-17,30,345.52,1296.050
2021-12-17T14:30:00Z,N2EXMIDP,2021-12-17,30,0.00,0.000
2021-12-17T14:00:00Z,APXMIDP,2021-12-17,29,323.17,1302.850
2021-12-17T14:00:00Z,N2EXMIDP,2021-12-17,29,0.00,0.000
2021-12-17T13:30:00Z,APXMIDP,2021-12-17,28,345.78,1275.200
2021-12-17T13:30:00Z,N2EXMIDP,2021-12-17,28,0.00,0.000
2021-12-17T13:00:00Z,APXMIDP,2021-12-17,27,358.36,1281.950
2021-12-17T13:00:00Z,N2EXMIDP,2021-12-17,27,0.00,0.000
2021-12-17T12:30:00Z,APXMIDP,2021-12-17,26,337.06,1555.800
2021-12-17T12:30:00Z,N2EXMIDP,2021-12-17,26,0.00,0.000
2021-12-17T12:00:00Z,APXMIDP,2021-12-17,25,328.48,1417.100
2021-12-17T12:00:00Z,N2EXMIDP,2021-12-17,25,0.00,0.000
2021-12-17T11:30:00Z,APXMIDP,2021-12-17,24,348.83,1409.550
2021-12-17T11:30:00Z,N2EXMIDP,2021-12-17,24,0.00,0.000
2021-12-17T11:00:00Z,APXMIDP,2021-12-17,23,337.33,1290.150
2021-12-17T11:00:00Z,N2EXMIDP,2021-12-17,23,0.00,0.000
2021-12-17T10:30:00Z,APXMIDP,2021-12-17,22,312.77,1793.150
2021-12-17T10:30:00Z,N2EXMIDP,2021-12-17,22,0.00,0.000
2021-12-17T10:00:00Z,APXMIDP,2021-12-17,21,292.66,1404.000
2021-12-17T10:00:00Z,N2EXMIDP,2021-12-17,21,0.00,0.000
2021-12-17T09:30:00Z,APXMIDP,2021-12-17,20,316.68,1287.100
2021-12-17T09:30:00Z,N2EXMIDP,2021-12-17,20,0.00,0.000
2021-12-17T09:00:00Z,APXMIDP,2021-12-17,19,350.75,1135.750
2021-12-17T09:00:00Z,N2EXMIDP,2021-12-17,19,0.00,0.000
2021-12-17T08:30:00Z,APXMIDP,2021-12-17,18,311.58,1364.650
2021-12-17T08:30:00Z,N2EXMIDP,2021-12-17,18,0.00,0.000
2021-12-17T08:00:00Z,APXMIDP,2021-12-17,17,287.53,1191.500
2021-12-17T08:00:00Z,N2EXMIDP,2021-12-17,17,0.00,0.000
2021-12-17T07:30:00Z,APXMIDP,2021-12-17,16,375.56,1328.450
2021-12-17T07:30:00Z,N2EXMIDP,2021-12-17,16,0.00,0.000
2021-12-17T07:00:00Z,APXMIDP,2021-12-17,15,290.28,1403.900
2021-12-17T07:00:00Z,N2EXMIDP,2021-12-17,15,0.00,0.000
2021-12-17T06:30:00Z,APXMIDP,2021-12-17,14,291.42,1472.150
2021-12-17T06:30:00Z,N2EXMIDP,2021-12-17,14,0.00,0.000
2021-12-17T06:00:00Z,APXMIDP,2021-12-17,13,281.09,1267.600
2021-12-17T06:00:00Z,N2EXMIDP,2021-12-17,13,0.00,0.000
2021-12-17T05:30:00Z,APXMIDP,2021-12-17,12,255.55,1008.000
2021-12-17T05:30:00Z,N2EXMIDP,2021-12-17,12,0.00,0.000
2021-12-17T05:00:00Z,APXMIDP,2021-12-17,11,256.44,920.850
2021-12-17T05:00:00Z,N2EXMIDP,2021-12-17,11,0.00,0.000
2021-12-17T04:30:00Z,APXMIDP,2021-12-17,10,221.44,737.600
2021-12-17T04:30:00Z,N2EXMIDP,2021-12-17,10,0.00,0.000
2021-12-17T04:00:00Z,APXMIDP,2021-12-17,9,210.48,904.350
2021-12-17T04:00:00Z,N2EXMIDP,2021-12-17,9,0.00,0.000
2021-12-17T03:30:00Z,APXMIDP,2021-12-17,8,210.94,619.950
2021-12-17T03:30:00Z,N2EXMIDP,2021-12-17,8,0.00,0.000
2021-12-17T03:00:00Z,APXMIDP,2021-12-17,7,238.73,708.700
2021-12-17T03:00:00Z,N2EXMIDP,2021-12-17,7,0.00,0.000
2021-12-17T02:30:00Z,APXMIDP,2021-12-17,6,228.63,1016.350
2021-12-17T02:30:00Z,N2EXMIDP,2021-12-17,6,0.00,0.000
2021-12-17T02:00:00Z,APXMIDP,2021-12-17,5,234.49,803.350
2021-12-17T02:00:00Z,N2EXMIDP,2021-12-17,5,0.00,0.000
2021-12-17T01:30:00Z,APXMIDP,2021-12-17,4,244.89,812.750
2021-12-17T01:30:00Z,N2EXMIDP,2021-12-17,4,0.00,0.000
2021-12-17T01:00:00Z,APXMIDP,2021-12-17,3,247.56,517.550
2021-12-17T01:00:00Z,N2EXMIDP,2021-12-17,3,0.00,0.000
2021-12-17T00:30:00Z,APXMIDP,2021-12-17,2,257.90,530.250
2021-12-17T00:30:00Z,N2EXMIDP,2021-12-17,2,0.00,0.000
2021-12-17T00:00:00Z,APXMIDP,2021-12-17,1,254.04,593.650
2021-12-17T00:00:00Z,N2EXMIDP,2021-12-17,1,0.00,0.000
2021-12-16T23:30:00Z,APXMIDP,2021-12-16,48,238.82,861.800
2021-12-16T23:30:00Z,N2EXMIDP,2021-12-16,48,0.00,0.000
2021-12-16T23:00:00Z,APXMIDP,2021-12-16,47,232.50,526.300
2021-12-16T23:00:00Z,N2EXMIDP,2021-12-16,47,0.00,0.000
2021-12-16T22:30:00Z,APXMIDP,2021-12-16,46,245.67,1730.650
2021-12-16T22:30:00Z,N2EXMIDP,2021-12-16,46,0.00,0.000
2021-12-16T22:00:00Z,APXMIDP,2021-12-16,45,256.30,1988.750
2021-12-16T22:00:00Z,N2EXMIDP,2021-12-16,45,0.00,0.000
2021-12-16T21:30:00Z,APXMIDP,2021-12-16,44,254.09,1609.950
2021-12-16T21:30:00Z,N2EXMIDP,2021-12-16,44,0.00,0.000
2021-12-16T21:00:00Z,APXMIDP,2021-12-16,43,250.74,1462.650
2021-12-16T21:00:00Z,N2EXMIDP,2021-12-16,43,0.00,0.000
2021-12-16T20:30:00Z,APXMIDP,2021-12-16,42,346.31,1769.450
2021-12-16T20:30:00Z,N2EXMIDP,2021-12-16,42,0.00,0.000
2021-12-16T20:00:00Z,APXMIDP,2021-12-16,41,351.71,1703.450
2021-12-16T20:00:00Z,N2EXMIDP,2021-12-16,41,0.00,0.000
2021-12-16T19:30:00Z,APXMIDP,2021-12-16,40,348.44,1555.750
2021-12-16T19:30:00Z,N2EXMIDP,2021-12-16,40,0.00,0.000
2021-12-16T19:00:00Z,APXMIDP,2021-12-16,39,383.50,1632.850
2021-12-16T19:00:00Z,N2EXMIDP,2021-12-16,39,0.00,0.000
2021-12-16T18:30:00Z,APXMIDP,2021-12-16,38,539.34,1675.150
2021-12-16T18:30:00Z,N2EXMIDP,2021-12-16,38,0.00,0.000
2021-12-16T18:00:00Z,APXMIDP,2021-12-16,37,577.09,1569.500
2021-12-16T18:00:00Z,N2EXMIDP,2021-12-16,37,0.00,0.000
2021-12-16T17:30:00Z,APXMIDP,2021-12-16,36,606.21,1651.300
2021-12-16T17:30:00Z,N2EXMIDP,2021-12-16,36,0.00,0.000
2021-12-16T17:00:00Z,APXMIDP,2021-12-16,35,634.05,1482.550
2021-12-16T17:00:00Z,N2EXMIDP,2021-12-16,35,0.00,0.000
2021-12-16T16:30:00Z,APXMIDP,2021-12-16,34,633.06,1795.900
2021-12-16T16:30:00Z,N2EXMIDP,2021-12-16,34,0.00,0.000
2021-12-16T16:00:00Z,APXMIDP,2021-12-16,33,472.50,2095.600
2021-12-16T16:00:00Z,N2EXMIDP,2021-12-16,33,0.00,0.000
2021-12-16T15:30:00Z,APXMIDP,2021-12-16,32,486.43,1447.500
2021-12-16T15:30:00Z,N2EXMIDP,2021-12-16,32,0.00,0.000
2021-12-16T15:00:00Z,APXMIDP,2021-12-16,31,476.29,1786.300
2021-12-16T15:00:00Z,N2EXMIDP,2021-12-16,31,0.00,0.000
2021-12-16T14:30:00Z,APXMIDP,2021-12-16,30,360.86,1640.500
2021-12-16T14:30:00Z,N2EXMIDP,2021-12-16,30,0.00,0.000
2021-12-16T14:00:00Z,APXMIDP,2021-12-16,29,331.20,1708.150
2021-12-16T14:00:00Z,N2EXMIDP,2021-12-16,29,0.00,0.000
2021-12-16T13:30:00Z,APXMIDP,2021-12-16,28,281.48,1558.700
2021-12-16T13:30:00Z,N2EXMIDP,2021-12-16,28,0.00,0.000
2021-12-16T13:00:00Z,APXMIDP,2021-12-16,27,302.02,1530.350
2021-12-16T13:00:00Z,N2EXMIDP,2021-12-16,27,0.00,0.000
2021-12-16T12:30:00Z,APXMIDP,2021-12-16,26,321.43,1844.500
2021-12-16T12:30:00Z,N2EXMIDP,2021-12-16,26,0.00,0.000
2021-12-16T12:00:00Z,APXMIDP,2021-12-16,25,307.35,1555.700
2021-12-16T12:00:00Z,N2EXMIDP,2021-12-16,25,0.00,0.000
2021-12-16T11:30:00Z,APXMIDP,2021-12-16,24,342.08,1434.600
2021-12-16T11:30:00Z,N2EXMIDP,2021-12-16,24,0.00,0.000
2021-12-16T11:00:00Z,APXMIDP,2021-12-16,23,327.57,1761.350
2021-12-16T11:00:00Z,N2EXMIDP,2021-12-16,23,0.00,0.000
2021-12-16T10:30:00Z,APXMIDP,2021-12-16,22,288.18,1726.650
2021-12-16T10:30:00Z,N2EXMIDP,2021-12-16,22,0.00,0.000
2021-12-16T10:00:00Z,APXMIDP,2021-12-16,21,302.74,1349.350
2021-12-16T10:00:00Z,N2EXMIDP,2021-12-16,21,0.00,0.000
2021-12-16T09:30:00Z,APXMIDP,2021-12-16,20,319.51,1520.500
2021-12-16T09:30:00Z,N2EXMIDP,2021-12-16,20,0.00,0.000
2021-12-16T09:00:00Z,APXMIDP,2021-12-16,19,319.59,1342.500
2021-12-16T09:00:00Z,N2EXMIDP,2021-12-16,19,0.00,0.000
2021-12-16T08:30:00Z,APXMIDP,2021-12-16,18,337.54,1319.600
2021-12-16T08:30:00Z,N2EXMIDP,2021-12-16,18,0.00,0.000
2021-12-16T08:00:00Z,APXMIDP,2021-12-16,17,316.22,1282.400
2021-12-16T08:00:00Z,N2EXMIDP,2021-12-16,17,0.00,0.000
2021-12-16T07:30:00Z,APXMIDP,2021-12-16,16,322.17,1094.900
2021-12-16T07:30:00Z,N2EXMIDP,2021-12-16,16,0.00,0.000
2021-12-16T07:00:00Z,APXMIDP,2021-12-16,15,261.06,1160.550
2021-12-16T07:00:00Z,N2EXMIDP,2021-12-16,15,0.00,0.000
2021-12-16T06:30:00Z,APXMIDP,2021-12-16,14,244.08,1644.950
2021-12-16T06:30:00Z,N2EXMIDP,2021-12-16,14,0.00,0.000
2021-12-16T06:00:00Z,APXMIDP,2021-12-16,13,265.31,1346.900
2021-12-16T06:00:00Z,N2EXMIDP,2021-12-16,13,0.00,0.000
2021-12-16T05:30:00Z,APXMIDP,2021-12-16,12,241.08,1080.600
2021-12-16T05:30:00Z,N2EXMIDP,2021-12-16,12,0.00,0.000
2021-12-16T05:00:00Z,APXMIDP,2021-12-16,11,253.71,998.400
2021-12-16T05:00:00Z,N2EXMIDP,2021-12-16,11,0.00,0.000
2021-12-16T04:30:00Z,APXMIDP,2021-12-16,10,214.37,1112.100
2021-12-16T04:30:00Z,N2EXMIDP,2021-12-16,10,0.00,0.000
2021-12-16T04:00:00Z,APXMIDP,2021-12-16,9,228.49,1009.400
2021-12-16T04:00:00Z,N2EXMIDP,2021-12-16,9,0.00,0.000
2021-12-16T03:30:00Z,APXMIDP,2021-12-16,8,232.10,1180.600
2021-12-16T03:30:00Z,N2EXMIDP,2021-12-16,8,0.00,0.000
2021-12-16T03:00:00Z,APXMIDP,2021-12-16,7,241.89,1199.900
2021-12-16T03:00:00Z,N2EXMIDP,2021-12-16,7,0.00,0.000
2021-12-16T02:30:00Z,APXMIDP,2021-12-16,6,236.70,1122.350
2021-12-16T02:30:00Z,N2EXMIDP,2021-12-16,6,0.00,0.000
2021-12-16T02:00:00Z,APXMIDP,2021-12-16,5,220.60,1190.350
2021-12-16T02:00:00Z,N2EXMIDP,2021-12-16,5,0.00,0.000
2021-12-16T01:30:00Z,APXMIDP,2021-12-16,4,230.82,975.450
2021-12-16T01:30:00Z,N2EXMIDP,2021-12-16,4,0.00,0.000
2021-12-16T01:00:00Z,APXMIDP,2021-12-16,3,235.95,907.800
2021-12-16T01:00:00Z,N2EXMIDP,2021-12-16,3,0.00,0.000
2021-12-16T00:30:00Z,APXMIDP,2021-12-16,2,257.85,921.700
2021-12-16T00:30:00Z,N2EXMIDP,2021-12-16,2,0.00,0.000
2021-12-16T00:00:00Z,APXMIDP,2021-12-16,1,272.28,582.400
2021-12-16T00:00:00Z,N2EXMIDP,2021-12-16,1,0.00,0.000
2021-12-15T23:30:00Z,APXMIDP,2021-12-15,48,231.00,723.800
2021-12-15T23:30:00Z,N2EXMIDP,2021-12-15,48,0.00,0.000
2021-12-15T23:00:00Z,APXMIDP,2021-12-15,47,218.87,896.900
2021-12-15T23:00:00Z,N2EXMIDP,2021-12-15,47,0.00,0.000
2021-12-15T22:30:00Z,APXMIDP,2021-12-15,46,220.64,1853.500
2021-12-15T22:30:00Z,N2EXMIDP,2021-12-15,46,0.00,0.000
2021-12-15T22:00:00Z,APXMIDP,2021-12-15,45,238.34,1252.850
2021-12-15T22:00:00Z,N2EXMIDP,2021-12-15,45,0.00,0.000
2021-12-15T21:30:00Z,APXMIDP,2021-12-15,44,235.29,1084.600
2021-12-15T21:30:00Z,N2EXMIDP,2021-12-15,44,0.00,0.000
2021-12-15T21:00:00Z,APXMIDP,2021-12-15,43,225.58,1132.400
2021-12-15T21:00:00Z,N2EXMIDP,2021-12-15,43,0.00,0.000
2021-12-15T20:30:00Z,APXMIDP,2021-12-15,42,256.97,1009.750
2021-12-15T20:30:00Z,N2EXMIDP,2021-12-15,42,0.00,0.000
2021-12-15T20:00:00Z,APXMIDP,2021-12-15,41,260.90,1152.650
2021-12-15T20:00:00Z,N2EXMIDP,2021-12-15,41,0.00,0.000
2021-12-15T19:30:00Z,APXMIDP,2021-12-15,40,293.56,1300.050
2021-12-15T19:30:00Z,N2EXMIDP,2021-12-15,40,0.00,0.000
2021-12-15T19:00:00Z,APXMIDP,2021-12-15,39,307.63,1444.850
2021-12-15T19:00:00Z,N2EXMIDP,2021-12-15,39,0.00,0.000
2021-12-15T18:30:00Z,APXMIDP,2021-12-15,38,298.17,1868.400
2021-12-15T18:30:00Z,N2EXMIDP,2021-12-15,38,0.00,0.000
2021-12-15T18:00:00Z,APXMIDP,2021-12-15,37,324.97,1755.650
2021-12-15T18:00:00Z,N2EXMIDP,2021-12-15,37,0.00,0.000
2021-12-15T17:30:00Z,APXMIDP,2021-12-15,36,315.61,2053.850
2021-12-15T17:30:00Z,N2EXMIDP,2021-12-15,36,0.00,0.000
2021-12-15T17:00:00Z,APXMIDP,2021-12-15,35,326.85,2099.750
2021-12-15T17:00:00Z,N2EXMIDP,2021-12-15,35,0.00,0.000
2021-12-15T16:30:00Z,APXMIDP,2021-12-15,34,308.66,1778.150
2021-12-15T16:30:00Z,N2EXMIDP,2021-12-15,34,0.00,0.000
2021-12-15T16:00:00Z,APXMIDP,2021-12-15,33,272.01,1446.550
2021-12-15T16:00:00Z,N2EXMIDP,2021-12-15,33,0.00,0.000
2021-12-15T15:30:00Z,APXMIDP,2021-12-15,32,330.01,1516.000
2021-12-15T15:30:00Z,N2EXMIDP,2021-12-15,32,0.00,0.000
2021-12-15T15:00:00Z,APXMIDP,2021-12-15,31,288.92,1721.950
2021-12-15T15:00:00Z,N2EXMIDP,2021-12-15,31,0.00,0.000
2021-12-15T14:30:00Z,APXMIDP,2021-12-15,30,280.52,1566.700
2021-12-15T14:30:00Z,N2EXMIDP,2021-12-15,30,0.00,0.000
2021-12-15T14:00:00Z,APXMIDP,2021-12-15,29,283.37,1568.350
2021-12-15T14:00:00Z,N2EXMIDP,2021-12-15,29,0.00,0.000
2021-12-15T13:30:00Z,APXMIDP,2021-12-15,28,328.36,1323.300
2021-12-15T13:30:00Z,N2EXMIDP,2021-12-15,28,0.00,0.000
2021-12-15T13:00:00Z,APXMIDP,2021-12-15,27,327.11,1339.350
2021-12-15T13:00:00Z,N2EXMIDP,2021-12-15,27,0.00,0.000
2021-12-15T12:30:00Z,APXMIDP,2021-12-15,26,323.05,1717.250
2021-12-15T12:30:00Z,N2EXMIDP,2021-12-15,26,0.00,0.000
2021-12-15T12:00:00Z,APXMIDP,2021-12-15,25,313.66,1580.450
2021-12-15T12:00:00Z,N2EXMIDP,2021-12-15,25,0.00,0.000
2021-12-15T11:30:00Z,APXMIDP,2021-12-15,24,310.09,1613.300
2021-12-15T11:30:00Z,N2EXMIDP,2021-12-15,24,0.00,0.000
2021-12-15T11:00:00Z,APXMIDP,2021-12-15,23,319.34,1387.850
2021-12-15T11:00:00Z,N2EXMIDP,2021-12-15,23,0.00,0.000
2021-12-15T10:30:00Z,APXMIDP,2021-12-15,22,320.96,1626.700
2021-12-15T10:30:00Z,N2EXMIDP,2021-12-15,22,0.00,0.000
2021-12-15T10:00:00Z,APXMIDP,2021-12-15,21,318.72,1485.150
2021-12-15T10:00:00Z,N2EXMIDP,2021-12-15,21,0.00,0.000
2021-12-15T09:30:00Z,APXMIDP,2021-12-15,20,310.95,1413.150
2021-12-15T09:30:00Z,N2EXMIDP,2021-12-15,20,0.00,0.000
2021-12-15T09:00:00Z,APXMIDP,2021-12-15,19,317.64,1498.850
2021-12-15T09:00:00Z,N2EXMIDP,2021-12-15,19,0.00,0.000
2021-12-15T08:30:00Z,APXMIDP,2021-12-15,18,307.22,1277.400
2021-12-15T08:30:00Z,N2EXMIDP,2021-12-15,18,0.00,0.000
2021-12-15T08:00:00Z,APXMIDP,2021-12-15,17,296.41,1246.400
2021-12-15T07:30:00Z,APXMIDP,2021-12-15,16,283.11,1109.350
2021-12-15T07:30:00Z,N2EXMIDP,2021-12-15,16,0.00,0.000
2021-12-15T07:00:00Z,APXMIDP,2021-12-15,15,234.93,1517.950
2021-12-15T07:00:00Z,N2EXMIDP,2021-12-15,15,0.00,0.000
2021-12-15T06:30:00Z,APXMIDP,2021-12-15,14,147.74,1183.750
2021-12-15T06:30:00Z,N2EXMIDP,2021-12-15,14,0.00,0.000
2021-12-15T06:00:00Z,APXMIDP,2021-12-15,13,172.38,725.800
2021-12-15T06:00:00Z,N2EXMIDP,2021-12-15,13,0.00,0.000
2021-12-15T05:30:00Z,APXMIDP,2021-12-15,12,136.91,635.400
2021-12-15T05:30:00Z,N2EXMIDP,2021-12-15,12,0.00,0.000
2021-12-15T05:00:00Z,APXMIDP,2021-12-15,11,167.17,777.550
2021-12-15T05:00:00Z,N2EXMIDP,2021-12-15,11,0.00,0.000
2021-12-15T04:30:00Z,APXMIDP,2021-12-15,10,85.66,880.400
2021-12-15T04:30:00Z,N2EXMIDP,2021-12-15,10,0.00,0.000
2021-12-15T04:00:00Z,APXMIDP,2021-12-15,9,70.69,715.150
2021-12-15T04:00:00Z,N2EXMIDP,2021-12-15,9,0.00,0.000
2021-12-15T03:30:00Z,APXMIDP,2021-12-15,8,37.47,622.350
2021-12-15T03:30:00Z,N2EXMIDP,2021-12-15,8,0.00,0.000
2021-12-15T03:00:00Z,APXMIDP,2021-12-15,7,49.80,585.500
2021-12-15T03:00:00Z,N2EXMIDP,2021-12-15,7,0.00,0.000
2021-12-15T02:30:00Z,APXMIDP,2021-12-15,6,95.51,1010.650
2021-12-15T02:30:00Z,N2EXMIDP,2021-12-15,6,0.00,0.000
2021-12-15T02:00:00Z,APXMIDP,2021-12-15,5,134.12,877.650
2021-12-15T02:00:00Z,N2EXMIDP,2021-12-15,5,0.00,0.000
2021-12-15T01:30:00Z,APXMIDP,2021-12-15,4,169.66,1078.750
2021-12-15T01:30:00Z,N2EXMIDP,2021-12-15,4,0.00,0.000
2021-12-15T01:00:00Z,APXMIDP,2021-12-15,3,175.78,1034.500
2021-12-15T01:00:00Z,N2EXMIDP,2021-12-15,3,0.00,0.000
2021-12-15T00:30:00Z,APXMIDP,2021-12-15,2,157.64,1114.750
2021-12-15T00:30:00Z,N2EXMIDP,2021-12-15,2,0.00,0.000
2021-12-15T00:00:00Z,APXMIDP,2021-12-15,1,101.15,826.900
2021-12-15T00:00:00Z,N2EXMIDP,2021-12-15,1,0.00,0.000
2021-12-14T23:30:00Z,APXMIDP,2021-12-14,48,118.13,1176.150
2021-12-14T23:30:00Z,N2EXMIDP,2021-12-14,48,0.00,0.000
2021-12-14T23:00:00Z,APXMIDP,2021-12-14,47,95.84,691.250
2021-12-14T23:00:00Z,N2EXMIDP,2021-12-14,47,0.00,0.000
2021-12-14T22:30:00Z,APXMIDP,2021-12-14,46,181.41,1503.750
2021-12-14T22:30:00Z,N2EXMIDP,2021-12-14,46,231.39,104.000
2021-12-14T22:00:00Z,APXMIDP,2021-12-14,45,191.58,1200.050
2021-12-14T22:00:00Z,N2EXMIDP,2021-12-14,45,230.00,75.000
2021-12-14T21:30:00Z,APXMIDP,2021-12-14,44,217.07,863.750
2021-12-14T21:30:00Z,N2EXMIDP,2021-12-14,44,180.48,52.500
2021-12-14T21:00:00Z,APXMIDP,2021-12-14,43,216.82,1157.400
2021-12-14T21:00:00Z,N2EXMIDP,2021-12-14,43,199.73,219.550
2021-12-14T20:30:00Z,APXMIDP,2021-12-14,42,240.71,1283.200
2021-12-14T20:30:00Z,N2EXMIDP,2021-12-14,42,239.11,214.200
2021-12-14T20:00:00Z,APXMIDP,2021-12-14,41,247.78,1222.350
2021-12-14T20:00:00Z,N2EXMIDP,2021-12-14,41,283.03,62.500
2021-12-14T19:30:00Z,APXMIDP,2021-12-14,40,248.92,1617.600
2021-12-14T19:30:00Z,N2EXMIDP,2021-12-14,40,281.63,119.500
2021-12-14T19:00:00Z,APXMIDP,2021-12-14,39,249.52,1974.050
2021-12-14T19:00:00Z,N2EXMIDP,2021-12-14,39,270.00,50.000
2021-12-14T18:30:00Z,APXMIDP,2021-12-14,38,274.62,2336.900
2021-12-14T18:30:00Z,N2EXMIDP,2021-12-14,38,0.00,0.000
2021-12-14T18:00:00Z,APXMIDP,2021-12-14,37,274.00,2248.600
2021-12-14T18:00:00Z,N2EXMIDP,2021-12-14,37,0.00,0.000
2021-12-14T17:30:00Z,APXMIDP,2021-12-14,36,270.28,2539.700
2021-12-14T17:30:00Z,N2EXMIDP,2021-12-14,36,0.00,0.000
2021-12-14T17:00:00Z,APXMIDP,2021-12-14,35,270.07,2538.750
2021-12-14T17:00:00Z,N2EXMIDP,2021-12-14,35,0.00,0.000
2021-12-14T16:30:00Z,APXMIDP,2021-12-14,34,264.20,2259.650
2021-12-14T16:30:00Z,N2EXMIDP,2021-12-14,34,0.00,0.000
2021-12-14T16:00:00Z,APXMIDP,2021-12-14,33,242.75,2039.750
2021-12-14T16:00:00Z,N2EXMIDP,2021-12-14,33,0.00,0.000
2021-12-14T15:30:00Z,APXMIDP,2021-12-14,32,240.52,2056.300
2021-12-14T15:30:00Z,N2EXMIDP,2021-12-14,32,0.00,0.000
2021-12-14T15:00:00Z,APXMIDP,2021-12-14,31,236.17,1855.250
2021-12-14T15:00:00Z,N2EXMIDP,2021-12-14,31,0.00,0.000
2021-12-14T14:30:00Z,APXMIDP,2021-12-14,30,247.55,2436.750
2021-12-14T14:30:00Z,N2EXMIDP,2021-12-14,30,0.00,0.000
2021-12-14T14:00:00Z,APXMIDP,2021-12-14,29,239.14,2521.800
2021-12-14T14:00:00Z,N2EXMIDP,2021-12-14,29,0.00,0.000
2021-12-14T13:30:00Z,APXMIDP,2021-12-14,28,243.03,2177.000
2021-12-14T13:30:00Z,N2EXMIDP,2021-12-14,28,0.00,0.000
2021-12-14T13:00:00Z,APXMIDP,2021-12-14,27,249.60,2032.800
2021-12-14T13:00:00Z,N2EXMIDP,2021-12-14,27,0.00,0.000
2021-12-14T12:30:00Z,APXMIDP,2021-12-14,26,232.60,2218.200
2021-12-14T12:30:00Z,N2EXMIDP,2021-12-14,26,0.00,0.000
2021-12-14T12:00:00Z,APXMIDP,2021-12-14,25,236.90,2090.400
2021-12-14T12:00:00Z,N2EXMIDP,2021-12-14,25,0.00,0.000
2021-12-14T11:30:00Z,APXMIDP,2021-12-14,24,233.61,1947.100
2021-12-14T11:30:00Z,N2EXMIDP,2021-12-14,24,0.00,0.000
2021-12-14T11:00:00Z,APXMIDP,2021-12-14,23,232.06,1961.550
2021-12-14T11:00:00Z,N2EXMIDP,2021-12-14,23,0.00,0.000
2021-12-14T10:30:00Z,APXMIDP,2021-12-14,22,234.50,1900.550
2021-12-14T10:30:00Z,N2EXMIDP,2021-12-14,22,0.00,0.000
2021-12-14T10:00:00Z,APXMIDP,2021-12-14,21,238.29,1833.600
2021-12-14T10:00:00Z,N2EXMIDP,2021-12-14,21,0.00,0.000
2021-12-14T09:30:00Z,APXMIDP,2021-12-14,20,239.25,1696.000
2021-12-14T09:30:00Z,N2EXMIDP,2021-12-14,20,0.00,0.000
2021-12-14T09:00:00Z,APXMIDP,2021-12-14,19,256.69,1824.100
2021-12-14T09:00:00Z,N2EXMIDP,2021-12-14,19,0.00,0.000
2021-12-14T08:30:00Z,APXMIDP,2021-12-14,18,208.08,1468.100
2021-12-14T08:30:00Z,N2EXMIDP,2021-12-14,18,0.00,0.000
2021-12-14T08:00:00Z,APXMIDP,2021-12-14,17,167.78,1338.850
2021-12-14T08:00:00Z,N2EXMIDP,2021-12-14,17,0.00,0.000
2021-12-14T07:30:00Z,APXMIDP,2021-12-14,16,143.61,1451.600
2021-12-14T07:30:00Z,N2EXMIDP,2021-12-14,16,0.00,0.000
2021-12-14T07:00:00Z,APXMIDP,2021-12-14,15,139.94,1312.750
2021-12-14T07:00:00Z,N2EXMIDP,2021-12-14,15,0.00,0.000
2021-12-14T06:30:00Z,APXMIDP,2021-12-14,14,171.27,1293.150
2021-12-14T06:30:00Z,N2EXMIDP,2021-12-14,14,0.00,0.000
2021-12-14T06:00:00Z,APXMIDP,2021-12-14,13,201.92,1112.050
2021-12-14T06:00:00Z,N2EXMIDP,2021-12-14,13,0.00,0.000
2021-12-14T05:30:00Z,APXMIDP,2021-12-14,12,172.89,996.950
2021-12-14T05:30:00Z,N2EXMIDP,2021-12-14,12,0.00,0.000
2021-12-14T05:00:00Z,APXMIDP,2021-12-14,11,182.28,1040.400
2021-12-14T05:00:00Z,N2EXMIDP,2021-12-14,11,0.00,0.000
2021-12-14T04:30:00Z,APXMIDP,2021-12-14,10,171.21,844.700
2021-12-14T04:30:00Z,N2EXMIDP,2021-12-14,10,0.00,0.000
2021-12-14T04:00:00Z,APXMIDP,2021-12-14,9,179.37,821.150
2021-12-14T04:00:00Z,N2EXMIDP,2021-12-14,9,0.00,0.000
2021-12-14T03:30:00Z,APXMIDP,2021-12-14,8,181.23,751.350
2021-12-14T03:30:00Z,N2EXMIDP,2021-12-14,8,0.00,0.000
2021-12-14T03:00:00Z,APXMIDP,2021-12-14,7,180.84,849.800
2021-12-14T03:00:00Z,N2EXMIDP,2021-12-14,7,0.00,0.000
2021-12-14T02:30:00Z,APXMIDP,2021-12-14,6,182.46,645.950
2021-12-14T02:30:00Z,N2EXMIDP,2021-12-14,6,0.00,0.000
2021-12-14T02:00:00Z,APXMIDP,2021-12-14,5,178.23,767.550
2021-12-14T02:00:00Z,N2EXMIDP,2021-12-14,5,0.00,0.000
2021-12-14T01:30:00Z,APXMIDP,2021-12-14,4,153.99,803.400
2021-12-14T01:30:00Z,N2EXMIDP,2021-12-14,4,0.00,0.000
2021-12-14T01:00:00Z,APXMIDP,2021-12-14,3,230.77,604.300
2021-12-14T01:00:00Z,N2EXMIDP,2021-12-14,3,0.00,0.000
2021-12-14T00:30:00Z,APXMIDP,2021-12-14,2,267.16,857.950
2021-12-14T00:30:00Z,N2EXMIDP,2021-12-14,2,0.00,0.000
2021-12-14T00:00:00Z,APXMIDP,2021-12-14,1,258.25,909.700
2021-12-14T00:00:00Z,N2EXMIDP,2021-12-14,1,0.00,0.000
2021-12-13T23:30:00Z,APXMIDP,2021-12-13,48,253.32,832.500
2021-12-13T23:30:00Z,N2EXMIDP,2021-12-13,48,0.00,0.000
2021-12-13T23:00:00Z,APXMIDP,2021-12-13,47,252.74,1047.900
2021-12-13T23:00:00Z,N2EXMIDP,2021-12-13,47,0.00,0.000
2021-12-13T22:30:00Z,APXMIDP,2021-12-13,46,231.98,1823.050
2021-12-13T22:30:00Z,N2EXMIDP,2021-12-13,46,0.00,0.000
2021-12-13T22:00:00Z,APXMIDP,2021-12-13,45,237.54,1665.000
2021-12-13T22:00:00Z,N2EXMIDP,2021-12-13,45,0.00,0.000
2021-12-13T21:30:00Z,APXMIDP,2021-12-13,44,254.95,1782.150
2021-12-13T21:30:00Z,N2EXMIDP,2021-12-13,44,0.00,0.000
2021-12-13T21:00:00Z,APXMIDP,2021-12-13,43,246.03,1624.250
2021-12-13T21:00:00Z,N2EXMIDP,2021-12-13,43,0.00,0.000
2021-12-13T20:30:00Z,APXMIDP,2021-12-13,42,226.74,1771.900
2021-12-13T20:30:00Z,N2EXMIDP,2021-12-13,42,0.00,0.000
2021-12-13T20:00:00Z,APXMIDP,2021-12-13,41,245.30,1731.150
2021-12-13T20:00:00Z,N2EXMIDP,2021-12-13,41,0.00,0.000
2021-12-13T19:30:00Z,APXMIDP,2021-12-13,40,229.38,1480.800
2021-12-13T19:30:00Z,N2EXMIDP,2021-12-13,40,0.00,0.000
2021-12-13T19:00:00Z,APXMIDP,2021-12-13,39,262.32,1784.650
2021-12-13T19:00:00Z,N2EXMIDP,2021-12-13,39,0.00,0.000
2021-12-13T18:30:00Z,APXMIDP,2021-12-13,38,285.03,1989.950
2021-12-13T18:30:00Z,N2EXMIDP,2021-12-13,38,0.00,0.000
2021-12-13T18:00:00Z,APXMIDP,2021-12-13,37,289.11,1814.650
2021-12-13T18:00:00Z,N2EXMIDP,2021-12-13,37,0.00,0.000
2021-12-13T17:30:00Z,APXMIDP,2021-12-13,36,292.39,1808.850
2021-12-13T17:30:00Z,N2EXMIDP,2021-12-13,36,0.00,0.000
2021-12-13T17:00:00Z,APXMIDP,2021-12-13,35,300.12,1700.800
2021-12-13T17:00:00Z,N2EXMIDP,2021-12-13,35,0.00,0.000
2021-12-13T16:30:00Z,APXMIDP,2021-12-13,34,322.42,1525.100
2021-12-13T16:30:00Z,N2EXMIDP,2021-12-13,34,0.00,0.000
2021-12-13T16:00:00Z,APXMIDP,2021-12-13,33,305.69,1491.700
2021-12-13T16:00:00Z,N2EXMIDP,2021-12-13,33,0.00,0.000
2021-12-13T15:30:00Z,APXMIDP,2021-12-13,32,305.51,1256.900
2021-12-13T15:30:00Z,N2EXMIDP,2021-12-13,32,0.00,0.000
2021-12-13T15:00:00Z,APXMIDP,2021-12-13,31,294.23,1196.100
2021-12-13T15:00:00Z,N2EXMIDP,2021-12-13,31,0.00,0.000
2021-12-13T14:30:00Z,APXMIDP,2021-12-13,30,277.73,1431.950
2021-12-13T14:30:00Z,N2EXMIDP,2021-12-13,30,0.00,0.000
2021-12-13T14:00:00Z,APXMIDP,2021-12-13,29,281.12,1498.450
2021-12-13T14:00:00Z,N2EXMIDP,2021-12-13,29,0.00,0.000
2021-12-13T13:30:00Z,APXMIDP,2021-12-13,28,285.37,1582.100
2021-12-13T13:30:00Z,N2EXMIDP,2021-12-13,28,0.00,0.000
2021-12-13T13:00:00Z,APXMIDP,2021-12-13,27,287.17,1483.350
2021-12-13T13:00:00Z,N2EXMIDP,2021-12-13,27,0.00,0.000
2021-12-13T12:30:00Z,APXMIDP,2021-12-13,26,282.11,1325.250
2021-12-13T12:30:00Z,N2EXMIDP,2021-12-13,26,0.00,0.000
2021-12-13T12:00:00Z,APXMIDP,2021-12-13,25,283.60,1453.750
2021-12-13T12:00:00Z,N2EXMIDP,2021-12-13,25,0.00,0.000
2021-12-13T11:30:00Z,APXMIDP,2021-12-13,24,279.95,1216.450
2021-12-13T11:30:00Z,N2EXMIDP,2021-12-13,24,0.00,0.000
2021-12-13T11:00:00Z,APXMIDP,2021-12-13,23,277.32,1265.900
2021-12-13T11:00:00Z,N2EXMIDP,2021-12-13,23,0.00,0.000
2021-12-13T10:30:00Z,APXMIDP,2021-12-13,22,280.70,1644.550
2021-12-13T10:30:00Z,N2EXMIDP,2021-12-13,22,0.00,0.000
2021-12-13T10:00:00Z,APXMIDP,2021-12-13,21,282.27,1560.000
2021-12-13T10:00:00Z,N2EXMIDP,2021-12-13,21,0.00,0.000
2021-12-13T09:30:00Z,APXMIDP,2021-12-13,20,279.86,1397.150
2021-12-13T09:30:00Z,N2EXMIDP,2021-12-13,20,0.00,0.000
2021-12-13T09:00:00Z,APXMIDP,2021-12-13,19,275.25,1235.200
2021-12-13T09:00:00Z,N2EXMIDP,2021-12-13,19,0.00,0.000
2021-12-13T08:30:00Z,APXMIDP,2021-12-13,18,258.06,1852.000
2021-12-13T08:30:00Z,N2EXMIDP,2021-12-13,18,0.00,0.000
2021-12-13T08:00:00Z,APXMIDP,2021-12-13,17,222.36,1340.650
2021-12-13T08:00:00Z,N2EXMIDP,2021-12-13,17,0.00,0.000
2021-12-13T07:30:00Z,APXMIDP,2021-12-13,16,204.99,1075.700
2021-12-13T07:30:00Z,N2EXMIDP,2021-12-13,16,0.00,0.000
2021-12-13T07:00:00Z,APXMIDP,2021-12-13,15,194.02,1335.700
2021-12-13T07:00:00Z,N2EXMIDP,2021-12-13,15,0.00,0.000
2021-12-13T06:30:00Z,APXMIDP,2021-12-13,14,141.79,665.850
2021-12-13T06:30:00Z,N2EXMIDP,2021-12-13,14,0.00,0.000
2021-12-13T06:00:00Z,APXMIDP,2021-12-13,13,189.79,794.800
2021-12-13T06:00:00Z,N2EXMIDP,2021-12-13,13,0.00,0.000
2021-12-13T05:30:00Z,APXMIDP,2021-12-13,12,182.41,1062.100
2021-12-13T05:30:00Z,N2EXMIDP,2021-12-13,12,0.00,0.000
2021-12-13T05:00:00Z,APXMIDP,2021-12-13,11,217.90,768.300
2021-12-13T05:00:00Z,N2EXMIDP,2021-12-13,11,0.00,0.000
2021-12-13T04:30:00Z,APXMIDP,2021-12-13,10,153.79,787.100
2021-12-13T04:30:00Z,N2EXMIDP,2021-12-13,10,0.00,0.000
2021-12-13T04:00:00Z,APXMIDP,2021-12-13,9,197.23,801.800
2021-12-13T04:00:00Z,N2EXMIDP,2021-12-13,9,0.00,0.000
2021-12-13T03:30:00Z,APXMIDP,2021-12-13,8,173.01,476.450
2021-12-13T03:30:00Z,N2EXMIDP,2021-12-13,8,0.00,0.000
2021-12-13T03:00:00Z,APXMIDP,2021-12-13,7,166.58,350.600
2021-12-13T03:00:00Z,N2EXMIDP,2021-12-13,7,0.00,0.000
2021-12-13T02:30:00Z,APXMIDP,2021-12-13,6,149.74,866.650
2021-12-13T02:30:00Z,N2EXMIDP,2021-12-13,6,0.00,0.000
2021-12-13T02:00:00Z,APXMIDP,2021-12-13,5,136.12,795.050
2021-12-13T02:00:00Z,N2EXMIDP,2021-12-13,5,0.00,0.000
2021-12-13T01:30:00Z,APXMIDP,2021-12-13,4,136.12,620.850
2021-12-13T01:30:00Z,N2EXMIDP,2021-12-13,4,0.00,0.000
2021-12-13T01:00:00Z,APXMIDP,2021-12-13,3,151.95,837.150
2021-12-13T01:00:00Z,N2EXMIDP,2021-12-13,3,0.00,0.000
2021-12-13T00:30:00Z,APXMIDP,2021-12-13,2,140.73,905.900
2021-12-13T00:30:00Z,N2EXMIDP,2021-12-13,2,0.00,0.000
2021-12-13T00:00:00Z,APXMIDP,2021-12-13,1,79.79,842.300
2021-12-13T00:00:00Z,N2EXMIDP,2021-12-13,1,0.00,0.000
2021-12-12T23:30:00Z,APXMIDP,2021-12-12,48,60.14,622.950
2021-12-12T23:30:00Z,N2EXMIDP,2021-12-12,48,0.00,0.000
2021-12-12T23:00:00Z,APXMIDP,2021-12-12,47,86.96,839.400
2021-12-12T23:00:00Z,N2EXMIDP,2021-12-12,47,0.00,0.000
2021-12-12T22:30:00Z,APXMIDP,2021-12-12,46,154.94,1888.400
2021-12-12T22:30:00Z,N2EXMIDP,2021-12-12,46,0.00,0.000
2021-12-12T22:00:00Z,APXMIDP,2021-12-12,45,183.01,1789.800
2021-12-12T22:00:00Z,N2EXMIDP,2021-12-12,45,0.00,0.000
2021-12-12T21:30:00Z,APXMIDP,2021-12-12,44,164.16,1658.850
2021-12-12T21:30:00Z,N2EXMIDP,2021-12-12,44,0.00,0.000
2021-12-12T21:00:00Z,APXMIDP,2021-12-12,43,168.50,1592.850
2021-12-12T21:00:00Z,N2EXMIDP,2021-12-12,43,0.00,0.000
2021-12-12T20:30:00Z,APXMIDP,2021-12-12,42,143.43,1877.600
2021-12-12T20:30:00Z,N2EXMIDP,2021-12-12,42,0.00,0.000
2021-12-12T20:00:00Z,APXMIDP,2021-12-12,41,107.68,1175.600
2021-12-12T20:00:00Z,N2EXMIDP,2021-12-12,41,0.00,0.000
2021-12-12T19:30:00Z,APXMIDP,2021-12-12,40,154.59,1232.000
2021-12-12T19:30:00Z,N2EXMIDP,2021-12-12,40,0.00,0.000
2021-12-12T19:00:00Z,APXMIDP,2021-12-12,39,186.08,1427.500
2021-12-12T19:00:00Z,N2EXMIDP,2021-12-12,39,0.00,0.000
2021-12-12T18:30:00Z,APXMIDP,2021-12-12,38,177.98,1042.100
2021-12-12T18:30:00Z,N2EXMIDP,2021-12-12,38,0.00,0.000
2021-12-12T18:00:00Z,APXMIDP,2021-12-12,37,228.98,1193.150
2021-12-12T18:00:00Z,N2EXMIDP,2021-12-12,37,0.00,0.000
2021-12-12T17:30:00Z,APXMIDP,2021-12-12,36,213.42,997.300
2021-12-12T17:30:00Z,N2EXMIDP,2021-12-12,36,0.00,0.000
2021-12-12T17:00:00Z,APXMIDP,2021-12-12,35,211.84,906.050
2021-12-12T17:00:00Z,N2EXMIDP,2021-12-12,35,0.00,0.000
2021-12-12T16:30:00Z,APXMIDP,2021-12-12,34,217.97,1249.950
2021-12-12T16:30:00Z,N2EXMIDP,2021-12-12,34,0.00,0.000
2021-12-12T16:00:00Z,APXMIDP,2021-12-12,33,223.85,1202.650
2021-12-12T16:00:00Z,N2EXMIDP,2021-12-12,33,0.00,0.000
2021-12-12T15:30:00Z,APXMIDP,2021-12-12,32,183.02,880.050
2021-12-12T15:30:00Z,N2EXMIDP,2021-12-12,32,0.00,0.000
2021-12-12T15:00:00Z,APXMIDP,2021-12-12,31,185.18,755.300
2021-12-12T15:00:00Z,N2EXMIDP,2021-12-12,31,0.00,0.000
2021-12-12T14:30:00Z,APXMIDP,2021-12-12,30,177.62,1688.600
2021-12-12T14:30:00Z,N2EXMIDP,2021-12-12,30,0.00,0.000
2021-12-12T14:00:00Z,APXMIDP,2021-12-12,29,171.83,1515.950
2021-12-12T14:00:00Z,N2EXMIDP,2021-12-12,29,0.00,0.000
2021-12-12T13:30:00Z,APXMIDP,2021-12-12,28,155.23,1446.350
2021-12-12T13:30:00Z,N2EXMIDP,2021-12-12,28,0.00,0.000
2021-12-12T13:00:00Z,APXMIDP,2021-12-12,27,157.84,1481.250
2021-12-12T13:00:00Z,N2EXMIDP,2021-12-12,27,0.00,0.000
2021-12-12T12:30:00Z,APXMIDP,2021-12-12,26,177.82,1040.450
2021-12-12T12:30:00Z,N2EXMIDP,2021-12-12,26,0.00,0.000
2021-12-12T12:00:00Z,APXMIDP,2021-12-12,25,173.13,1211.700
2021-12-12T12:00:00Z,N2EXMIDP,2021-12-12,25,0.00,0.000
2021-12-12T11:30:00Z,APXMIDP,2021-12-12,24,180.32,888.350
2021-12-12T11:30:00Z,N2EXMIDP,2021-12-12,24,0.00,0.000
2021-12-12T11:00:00Z,APXMIDP,2021-12-12,23,196.93,1228.500
2021-12-12T11:00:00Z,N2EXMIDP,2021-12-12,23,0.00,0.000
2021-12-12T10:30:00Z,APXMIDP,2021-12-12,22,201.84,1067.200
2021-12-12T10:30:00Z,N2EXMIDP,2021-12-12,22,0.00,0.000
2021-12-12T10:00:00Z,APXMIDP,2021-12-12,21,203.03,1144.750
2021-12-12T10:00:00Z,N2EXMIDP,2021-12-12,21,0.00,0.000
2021-12-12T09:30:00Z,APXMIDP,2021-12-12,20,181.66,959.750
2021-12-12T09:30:00Z,N2EXMIDP,2021-12-12,20,0.00,0.000
2021-12-12T09:00:00Z,APXMIDP,2021-12-12,19,169.98,975.500
2021-12-12T09:00:00Z,N2EXMIDP,2021-12-12,19,0.00,0.000
2021-12-12T08:30:00Z,APXMIDP,2021-12-12,18,214.52,1085.850
2021-12-12T08:30:00Z,N2EXMIDP,2021-12-12,18,0.00,0.000
2021-12-12T08:00:00Z,APXMIDP,2021-12-12,17,208.97,1035.250
2021-12-12T08:00:00Z,N2EXMIDP,2021-12-12,17,0.00,0.000
2021-12-12T07:30:00Z,APXMIDP,2021-12-12,16,183.61,1081.500
2021-12-12T07:30:00Z,N2EXMIDP,2021-12-12,16,0.00,0.000
2021-12-12T07:00:00Z,APXMIDP,2021-12-12,15,194.58,1017.900
2021-12-12T07:00:00Z,N2EXMIDP,2021-12-12,15,0.00,0.000
2021-12-12T06:30:00Z,APXMIDP,2021-12-12,14,145.95,1013.300
2021-12-12T06:30:00Z,N2EXMIDP,2021-12-12,14,0.00,0.000
2021-12-12T06:00:00Z,APXMIDP,2021-12-12,13,158.59,866.200
2021-12-12T06:00:00Z,N2EXMIDP,2021-12-12,13,0.00,0.000
2021-12-12T05:30:00Z,APXMIDP,2021-12-12,12,144.18,671.250
2021-12-12T05:30:00Z,N2EXMIDP,2021-12-12,12,0.00,0.000
2021-12-12T05:00:00Z,APXMIDP,2021-12-12,11,151.20,665.400
2021-12-12T05:00:00Z,N2EXMIDP,2021-12-12,11,0.00,0.000
2021-12-12T04:30:00Z,APXMIDP,2021-12-12,10,153.89,734.900
2021-12-12T04:30:00Z,N2EXMIDP,2021-12-12,10,0.00,0.000
2021-12-12T04:00:00Z,APXMIDP,2021-12-12,9,172.06,696.650
2021-12-12T04:00:00Z,N2EXMIDP,2021-12-12,9,0.00,0.000
2021-12-12T03:30:00Z,APXMIDP,2021-12-12,8,178.02,655.800
2021-12-12T03:30:00Z,N2EXMIDP,2021-12-12,8,0.00,0.000
2021-12-12T03:00:00Z,APXMIDP,2021-12-12,7,173.94,672.150
2021-12-12T03:00:00Z,N2EXMIDP,2021-12-12,7,0.00,0.000
2021-12-12T02:30:00Z,APXMIDP,2021-12-12,6,185.84,992.250
2021-12-12T02:30:00Z,N2EXMIDP,2021-12-12,6,0.00,0.000
2021-12-12T02:00:00Z,APXMIDP,2021-12-12,5,182.47,742.400
2021-12-12T02:00:00Z,N2EXMIDP,2021-12-12,5,0.00,0.000
2021-12-12T01:30:00Z,APXMIDP,2021-12-12,4,199.63,788.550
2021-12-12T01:30:00Z,N2EXMIDP,2021-12-12,4,0.00,0.000
2021-12-12T01:00:00Z,APXMIDP,2021-12-12,3,183.21,717.950
2021-12-12T01:00:00Z,N2EXMIDP,2021-12-12,3,0.00,0.000
2021-12-12T00:30:00Z,APXMIDP,2021-12-12,2,139.33,479.650
2021-12-12T00:30:00Z,N2EXMIDP,2021-12-12,2,0.00,0.000
2021-12-12T00:00:00Z,APXMIDP,2021-12-12,1,116.10,427.000
2021-12-12T00:00:00Z,N2EXMIDP,2021-12-12,1,0.00,0.000
